（第一个值代表分数的权重 第二个值代表文本的权重 重复多次实验求权重 
pacifier
0.0233    0.0515
0.0231    0.0517
0.0272    0.0476
0.0323    0.0425
0.0189    0.0559
0.0374    0.0374
0.0341    0.0407
0.0234    0.0514
0.0249    0.0499
0.0374    0.0374

microwave
0.0598    0.0600
0.0401    0.0797
0.0445    0.0752
0.0030    0.1168
0.0571    0.0627
0.0445    0.0752
0.0571    0.0627
0.0309    0.0889
0.0571    0.0627
0.0606    0.0591

hair dryer(有点诡异 这里待会再算一遍
0.0376    0.0898
0.0376    0.0898
0.0376    0.0898
0.0376    0.0898
0.0376    0.0898
0.0376    0.0898
0.0376    0.0898
0.0376    0.0898
0.0376    0.0898
0.0375    0.0899
